"district" "democA" "voteA" "expendA" "expendB" "prtystrA" "lexpendA" "lexpendB" "shareA"
"district" 1 0.1 0.04 0.06 -0.08 0.05 0.02 -0.1 0.1
"democA" 0.1 1 0.26 -0.04 -0.24 -0.41 0.12 -0.24 0.27
"voteA" 0.04 0.26 1 0.4 -0.42 0.35 0.62 -0.65 0.93
"expendA" 0.06 -0.04 0.4 1 0.37 0.24 0.77 0.17 0.46
"expendB" -0.08 -0.24 -0.42 0.37 1 0 0.2 0.8 -0.46
"prtystrA" 0.05 -0.41 0.35 0.24 0 1 0.28 -0.15 0.28
"lexpendA" 0.02 0.12 0.62 0.77 0.2 0.28 1 -0.02 0.68
"lexpendB" -0.1 -0.24 -0.65 0.17 0.8 -0.15 -0.02 1 -0.7
"shareA" 0.1 0.27 0.93 0.46 -0.46 0.28 0.68 -0.7 1
